Optimization Results
================================================================================
Method: CG
Number of optimization steps: 5
Energies: [-1.13439977 -1.13615437 -1.13711707 -1.13711707 -1.13711707]
Fidelities: [0.9982984138466001, 0.9993971529865233, 0.9999999998725446, 0.9999999999545812, 0.9999999999999933]
--------------------------------------------------------------------------------
Method: BFGS
Number of optimization steps: 4
Energies: [-1.13439977 -1.13615437 -1.13711707 -1.13711707]
Fidelities: [0.9982984138466001, 0.9993971529865233, 0.9999999998725446, 0.9999999999999925]
--------------------------------------------------------------------------------
Method: COBYLA
Number of optimization steps: 45
Energies: [-1.13439977 -0.58678343 -0.58678343 -0.06735773 -0.00938651 -0.73388442
 -1.08215947 -1.11235518 -1.07128958 -1.10975524 -1.13638082 -1.13566367
 -1.13236692 -1.13188118 -1.13484555 -1.13699669 -1.13692759 -1.13685389
 -1.13685621 -1.1369485  -1.13702485 -1.13706391 -1.13704346 -1.13709492
 -1.13709671 -1.13708081 -1.13710786 -1.13710452 -1.13710496 -1.1371147
 -1.13711329 -1.13711585 -1.13711635 -1.1371155  -1.13711691 -1.1371167
 -1.137117   -1.13711655 -1.13711702 -1.13711705 -1.13711703 -1.13711703
 -1.13711705 -1.13711706 -1.13711706]
Fidelities: [0.9982984138466001, 0.2914298434971535, 0.2914298434971539, 0.3301115451827057, 0.1847170380951419, 0.7149165017831268, 0.9342023091425277, 0.9781632350088619, 0.9564653300156382, 0.9776309052904915, 0.9994350484448172, 0.9988571730653533, 0.9957353012588189, 0.9935067650281861, 0.9974719749950334, 0.9998298420087501, 0.9998065346641336, 0.9995975285987833, 0.9997004189835488, 0.9998680106707956, 0.9998555449103766, 0.9999111694767638, 0.9999080875590266, 0.9999644671174558, 0.9999751395728984, 0.9999748932554454, 0.9999874508943922, 0.9999857976056351, 0.9999857866984562, 0.9999969186168925, 0.9999958086405142, 0.9999982892544554, 0.9999990780645036, 0.9999985018253799, 0.99999980264212, 0.9999996645029608, 0.9999999409869702, 0.9999996070935966, 0.9999999554554655, 0.9999999739206842, 0.9999999636846965, 0.9999999416022558, 0.9999999761981567, 0.9999999951640208, 0.9999999969380327]
--------------------------------------------------------------------------------
================================================================================
End of Results
