VQE Optimization Results
================================================================================
Method: COBYLA
--------------------------------------------------------------------------------
Evaluated energy for each step: [1.567537218146655, 1.51570307909306, 0.4062855298207543, 0.3492390417710155, 0.3372377101777262, 0.8531429865411518, 1.1633544030633873, 0.3285765243667289, 1.244876797527922, -0.3781745937639587, -0.6290340019947183, 0.0974378685934467, -0.5935392092295666, -0.2855127529159477, -0.39480434350363197, -0.9896389793122922, -0.8885173298289828, -1.0527930467328286, -1.0414707307099174, -0.9119898908320314, -0.2513961537477885, -1.0096478014236006, -0.9989949534309237, -1.0155851528032838, -1.0523605236972875, -1.093068545640419, -1.1564944587903687, -1.201622713023652, -1.2032498152966804, -1.1831010164394529, -0.9024301540463573, -1.2987569611495415, -1.4238125659240026, -1.3832708114548184, -1.3622866976541295, -1.4876467474853639, -1.4895465364793776, -1.3603431056432662, -1.5087798360583093, -1.4722689783001468, -1.4877927673124016, -1.5146489936161749, -1.491487278630676, -1.4632050325854493, -1.5110240868011287, -1.514880332827712, -1.5274777691681225, -1.4678537866326113, -1.515363784012119, -1.4960997914573189, -1.5482426924984276, -1.5567829944127283, -1.5625434529126776, -1.5603518433266275, -1.5604112379860373, -1.5261535141706981, -1.5607677091675032, -1.5810576253451627, -1.5831790280853095, -1.580923960524321, -1.5742250166500833, -1.5804098742867718, -1.592879986868108, -1.5985218305724658, -1.6007854750792512, -1.600443006836956, -1.6011778415943416, -1.5952774016097733, -1.5987528456108262, -1.6039170287219122, -1.60209504692736, -1.607526204098806, -1.6077010115925499, -1.6053035314921698, -1.6093231178493381, -1.6093892192946848, -1.6095659468542036, -1.617544150308279, -1.6156299788411546, -1.6169212378338664, -1.6205100015720164, -1.6207488733424613, -1.6208299913075055, -1.6250174004907347, -1.618622516160108, -1.6265102854591322, -1.6285573927014496, -1.6320703246321182, -1.6349463397273258, -1.6334185540433572, -1.6339858261184947, -1.6360904486046526, -1.6357199239113331, -1.6304305809840887, -1.635069113273866, -1.6384679833844282, -1.6387963907126493, -1.6382638681717219, -1.635405338881245, -1.6373115273911645, -1.6389221041078728, -1.6386794433784937, -1.6381129472683116, -1.6387678449421381, -1.6379619260322635, -1.6370498058347072, -1.6378547174305274, -1.6400330439226, -1.6393778187943973, -1.6398482480077217, -1.6395343105952997, -1.6394772308502095, -1.6397522755984413, -1.639325866251442, -1.6408906280831839, -1.6404655691816663, -1.6408636809997188, -1.6415864633145938, -1.6416982596942926, -1.6414909164870397, -1.6423489714187822, -1.6420851318225533, -1.6414780341361337, -1.6429715090506483, -1.6425803554193588, -1.6426582670343632, -1.643188188291109, -1.6432330245909423, -1.6427712292929268, -1.6434655713112556, -1.6437269379989472, -1.642698257524154, -1.6433384548695977, -1.6435252230228399, -1.6439120452731661, -1.643541034420418, -1.643835152472727, -1.6436954713017309, -1.6438585538371713, -1.6436848057241176, -1.6440087014401175, -1.6443215394215476, -1.6442527431178444, -1.6443546796251298, -1.6441478241510963, -1.6443228669679606, -1.6444646379055379, -1.6443817951006516, -1.6444666110655206, -1.6443941685286452, -1.6443830700060509, -1.644447622464103, -1.6443500507999445, -1.644442900363187, -1.644545212178011, -1.644499912180481, -1.6445092424784926, -1.644555877972735, -1.6445571498494713, -1.6445441662569067, -1.6445636712098959, -1.644596127858314, -1.6445741095486164, -1.64461133721143, -1.644556958591324, -1.6446118985605112, -1.644567162377052, -1.6446161517815485, -1.6446192970019957, -1.6446298190738524, -1.6446264177663494, -1.644612570176849, -1.6446305253106013, -1.6446442744060534, -1.6446574845279334, -1.6446656491222817, -1.6446651209576104, -1.6446623715705557, -1.6446723058994137, -1.644666723429501, -1.644672833946169, -1.6446674122866587, -1.6446744678896936, -1.6446619136762253, -1.6446687646593159, -1.6446733125096935, -1.6446722483695464, -1.644670423208963, -1.6446733783269538, -1.6446722156709783, -1.6446764533407776, -1.6446787825278324, -1.6446798909456748, -1.6446819717798784, -1.6446836324088614, -1.6446851175143882, -1.6446844945180743, -1.644684641567272, -1.6446855723874372, -1.644685113235284]
Minimum VQE energy: -1.6446855723874372
Theta optimization updated: [2.6878784959038837, 1.511518554944302, 1.5255086345895235, 3.225318454444211, 0.3951091049409684, 0.7505770998022626, 2.1957107481636493, 0.2047230510064089, 1.609827233830246]

Method: Nelder-Mead
--------------------------------------------------------------------------------
Evaluated energy for each step: [1.8714018145528137, 1.8715068850658922, 1.8519079599793802, 1.8765911953670686, 1.871666194096714, 1.8737431940463622, 1.8739546725490492, 1.8663561750843058, 1.8747633997280084, 1.8704056626004333, 1.8624181853471433, 1.86206563087137, 1.8591849237048432, 1.8566154522161107, 1.85393784696981, 1.8517008273965478, 1.840488699843397, 1.8450538517458575, 1.8402064123959776, 1.8233047979489354, 1.8337521850073994, 1.831649367973163, 1.824675763647244, 1.8206870228199916, 1.7987864480381421, 1.8102783916756051, 1.8025614417982827, 1.7921690598378737, 1.7559573721045503, 1.7815637143428888, 1.77050614237141, 1.763485228698191, 1.7500881354619235, 1.7014478510724114, 1.7319559024622844, 1.7096728694225645, 1.700480442854183, 1.634768954127997, 1.6692965707748977, 1.641603998746098, 1.6306731954435105, 1.5411517591517105, 1.5870090933826253, 1.555051538759662, 1.5177552340393938, 1.3810492846846276, 1.4602717948492046, 1.426467090809694, 1.372728194204135, 1.184795285720916, 1.2989869318109564, 1.2553510534973968, 1.1710023715353417, 0.9276730399498563, 1.069310200042062, 1.0027622598113457, 0.894605885991322, 0.5811082779372106, 0.7933080429149827, 0.6932346941825351, 0.5688574832211319, 0.20562260244968328, 0.4468220557763435, 0.31469932795742067, 0.22832976334928354, 0.15713201882113068, -0.15888497973385202, -0.03147071350033703, -0.18094856088896405, -0.5610435994068436, -0.31333040527009914, -0.42183449805627626, -0.4931199784524758, -0.5814255193367411, -0.7884675505255506, -0.7157423660325787, -0.7636439373497768, -0.8144270347331266, -0.7413582251158913, -0.8628098236304172, -0.836183198717708, -0.9195350395028234, -0.8016274293837626, -0.9086532950024742, -0.8938076431114521, -0.8573023352102722, -0.6245379962762745, -0.8653569460485155, -0.7510755100086047, -0.878824928725725, -0.7232793873735106, -0.8471792291734778, -0.83184852763257, -0.8316309567928117, -0.8939778799588429, -0.8324687694365118, -0.876468795060251, -0.8036433419908291, -0.8855658971757026, -0.866129578090198, -0.867282346256183, -0.9203542426308214, -0.9201480920335562, -0.8537592202504116, -0.8960923762053756, -0.8684070787092817, -0.8949309627919793, -0.9263830374352526, -0.9197475597407159, -0.9155424578255935, -0.9399437598880513, -0.9493724289912928, -0.932950738478158, -0.8762010837398446, -0.9232123392819452, -0.9515531323225573, -0.959311441755148, -0.9699645324362665, -0.9876141517238005, -0.9903740583087977, -1.0297513188339198, -0.9415699649309508, -0.9587085925143433, -0.9216884093592919, -0.9591042376041357, -1.011140586964745, -1.0322028323184376, -1.0763825316005178, -0.8388736158335905, -0.9809853665582629, -1.0335441332870372, -1.0600913910208187, -1.0522465501944405, -1.0688288813151443, -1.1133903345818987, -1.1787330888079173, -1.1291541854467504, -1.134148400129241, -1.1418352037109902, -1.1625530003512992, -1.1946346504897245, -1.252437362019165, -1.2133634620776816, -1.2220265427494272, -1.2551391142810924, -1.2904024831881717, -1.2507337593420884, -1.2273899870111507, -1.3000530936818604, -1.3079305035021407, -1.2882712842322654, -1.2809137774708423, -1.2017173424966747, -1.2697022025039333, -1.197233222893627, -1.2651350619576707, -1.2718194869421335, -1.312185412450883, -1.265893258837406, -1.2958035731819435, -1.1781526128357767, -1.2961616504421107, -1.2046314797965474, -1.2978235202739172, -1.3314929370072925, -1.3433935944281965, -1.3076858692131388, -1.277159094772133, -1.3077733987704045, -1.3415694304324708, -1.345523379881394, -1.3494132938446954, -1.3259467444388742, -1.3448874225215388, -1.3532454788079016, -1.3237193957368971, -1.310701163214389, -1.3692469396048055, -1.3689160314288864, -1.3651615795720269, -1.3214592801827665, -1.4021730169394389, -1.4310996938444431, -1.3522013521698317, -1.292744035406314, -1.3640867857453989, -1.36929580975549, -1.3820448212471423, -1.4193887651690686, -1.4127197410588246, -1.3906222318539476, -1.4356822727095837, -1.4484731005053504, -1.4114388056318055, -1.4529899789976093, -1.4592976687821255, -1.4673816859149929, -1.4652742732569977, -1.4557319286313792, -1.4214493287817207, -1.4846707543783924, -1.4740175983801582, -1.4260740608789495, -1.4592999844684797, -1.4202589828888033, -1.4552115678727646, -1.4552894524626254, -1.4615527772522756, -1.4610307390537431, -1.457111166484871, -1.4312620630570623, -1.4749315664904898, -1.463162696797817, -1.4227960577604815, -1.4758002807587363, -1.4514711297264817, -1.4743700351963562, -1.466693001994166, -1.4548409032080516, -1.4748047756303682, -1.45724730316891, -1.4752851525170843, -1.449520987271215, -1.476427480948273, -1.4726790745884677, -1.450749343297476, -1.4783044681747415, -1.483666927028553, -1.46767914760993, -1.4804661600089255, -1.4750771763534587, -1.4855304861335468, -1.483517124989727, -1.485567536612773, -1.4801961906627608, -1.4726747226120664, -1.482046450312846, -1.4852741036726496, -1.486645181402673, -1.477446607989728, -1.489905135734467, -1.4852584059377336, -1.489051346557988, -1.4938522839211066, -1.4937249974046534, -1.4915174237675513, -1.4765700101386934, -1.489831591021524, -1.4961737923638088, -1.4984261066351352, -1.4829664038808006, -1.4910805023369766, -1.498337805514418, -1.4996510533807261, -1.5005942562561763, -1.4997752386764538, -1.4939936752226006, -1.506643384481924, -1.5138339812004453, -1.5095659046043606, -1.5088099244394197, -1.499560163822545, -1.5040690506139536, -1.514101416253196, -1.515321228656641, -1.5141835193438906, -1.516684958044334, -1.5144914700090886, -1.5088528204842373, -1.5254031768475196, -1.5325270076853346, -1.5345845117521224, -1.5483720296106949, -1.5257868425988308, -1.530674059830481, -1.539266883395475, -1.539756468952893, -1.5453796906979358, -1.5386214608354847, -1.5592819966550475, -1.572102747781942, -1.5618913586163914, -1.56495541016195, -1.5648386689222946, -1.5781163914003924, -1.5898377280551492, -1.566480730012069, -1.5837357118069495, -1.5903726873860309, -1.5904188098419996, -1.5963837979381819, -1.5942042975947883, -1.606900100499995, -1.6113813718822103]
Minimum VQE energy: -1.6113813718822103
Theta optimization updated: [0.004280360795495847, 3.4243822649535822, -0.7508074396352891, 1.6237112231669073, -1.5364989051957636, 0.7237592643205493, 1.9839669258256896, -0.34628910067510843, 0.026608033367437556]

Method: BFGS
--------------------------------------------------------------------------------
Evaluated energy for each step: [1.3537652964718017, 1.3537652946350398, 1.3537652837885301, 1.3537653001073213, 1.3537653077156746, 1.3537652951542027, 1.353765299765976, 1.3537652860110652, 1.353765299441859, 1.3537652834514358, -0.3471062010158185, -0.3471062011927204, -0.34710621033956524, -0.34710619814135035, -0.34710619626183004, -0.3471062050587067, -0.34710620225738814, -0.34710621247487117, -0.3471061943993706, -0.3471062085690579, -0.522774720345657, -0.5227747235266247, -0.5227747119254005, -0.522774721497479, -0.5227747233565292, -0.5227747151195523, -0.522774714583734, -0.522774722357727, -0.5227747278169849, -0.5227747197022927, -0.8484853286116076, -0.8484853306577298, -0.8484853222918272, -0.8484853299747015, -0.8484853309402118, -0.8484853234617424, -0.8484853239017818, -0.8484853308334666, -0.8484853346865134, -0.848485327950292, -1.2124617867589844, -1.212461787197612, -1.2124617859814781, -1.212461786496061, -1.2124617867737217, -1.2124617878170845, -1.212461786848997, -1.212461787776134, -1.2124617875136519, -1.2124617874421986, -1.2329250006006651, -1.2329250012124389, -1.2329250003823347, -1.2329250007289378, -1.2329250003445793, -1.2329250016418263, -1.2329249997508036, -1.2329250016408155, -1.2329250010613904, -1.2329250011217847, -1.2780031523315776, -1.2780031536004406, -1.2780031519186605, -1.2780031526843978, -1.2780031515234276, -1.2780031540705585, -1.2780031502953362, -1.2780031528653477, -1.278003152787027, -1.2780031529571136, -1.082051945719933, -1.082051939742396, -1.0820519348215878, -1.082051942646501, -1.0820519527107126, -1.0820519486230167, -1.0820519521335081, -1.0820519333941305, -1.0820519470334888, -1.082051938082671, -1.334959871596844, -1.3349598728183105, -1.3349598689454873, -1.3349598713676807, -1.3349598712596351, -1.3349598748268838, -1.3349598698036809, -1.3349598697943141, -1.3349598725083087, -1.334959871411557, -0.21347382395446568, -0.2134738089494937, -0.21347381156456094, -0.21347381847699862, -0.2134738371689573, -0.21347382241107393, -0.21347383896798544, -0.21347380811104186, -0.213473825007458, -0.21347381095180606, -1.3474800376923775, -1.3474800385040233, -1.347480034377234, -1.3474800372189655, -1.3474800378515561, -1.3474800409978, -1.3474800365533985, -1.3474800351174274, -1.3474800388011985, -1.3474800369987578, -1.3700846042989665, -1.370084604786261, -1.3700846012559684, -1.3700846037693564, -1.3700846046760498, -1.3700846069885078, -1.3700846037620011, -1.3700846017735837, -1.3700846055124907, -1.370084603502804, -1.4052692576097596, -1.4052692576311823, -1.4052692559979727, -1.4052692571449144, -1.4052692580510315, -1.4052692589700129, -1.4052692578303625, -1.4052692558933897, -1.405269258854596, -1.405269257015586, -1.4291250920427103, -1.4291250918837382, -1.4291250924067724, -1.429125091843198, -1.4291250921672296, -1.4291250920879306, -1.429125092433946, -1.4291250915678821, -1.42912509309446, -1.4291250920097132, -1.437739991333321, -1.43773999141223, -1.437739991932892, -1.4377399912158169, -1.4377399911706206, -1.4377399913334807, -1.4377399913357836, -1.4377399908756907, -1.4377399919710465, -1.437739991595811, -1.4482753240227226, -1.4482753243983348, -1.4482753247287565, -1.4482753240213664, -1.4482753237169366, -1.4482753240353061, -1.4482753235982695, -1.4482753233923038, -1.4482753240802058, -1.4482753244154247, -1.459606030855626, -1.4596060320133153, -1.4596060318663766, -1.4596060310936119, -1.4596060302015605, -1.4596060307980034, -1.4596060296567883, -1.4596060305184453, -1.4596060304097382, -1.4596060315359942, -1.476011157582654, -1.476011159350811, -1.4760111581434316, -1.4760111578690824, -1.4760111569293977, -1.4760111573202395, -1.4760111559348041, -1.47601115678277, -1.4760111561380078, -1.476011158315267, -1.4927885304418735, -1.4927885324510102, -1.492788530742732, -1.4927885312413238, -1.4927885281625548, -1.4927885306236792, -1.4927885286225615, -1.4927885310261688, -1.492788528662801, -1.492788533259081, -1.5252266030922905, -1.5252266050538346, -1.525226603671754, -1.5252266036324864, -1.5252266007586406, -1.5252266030106192, -1.5252266012549947, -1.525226604048223, -1.5252266015615141, -1.525226605738688, -1.6084223994085958, -1.6084223990465165, -1.6084223986926491, -1.60842239905549, -1.608422397312154, -1.6084223989534994, -1.6084223997808784, -1.6084224003177834, -1.6084223987316146, -1.6084224014282469, -1.4992316676273876, -1.4992316693683776, -1.4992316634356886, -1.4992316693505252, -1.4992316709507556, -1.499231670891814, -1.4992316653304967, -1.499231662428633, -1.4992316702135244, -1.49923166458358, -1.6272733337238598, -1.6272733343310146, -1.6272733324667967, -1.6272733337343868, -1.6272733331263949, -1.6272733340010144, -1.6272733331087352, -1.62727333313595, -1.6272733339178276, -1.6272733342486307, -1.6347239304867613, -1.6347239304651908, -1.6347239290027245, -1.6347239301545184, -1.634723930690654, -1.634723930221224, -1.6347239305074537, -1.6347239293806612, -1.6347239305090802, -1.6347239302229795, -1.643109564379456, -1.643109564570549, -1.6431095643582536, -1.64310956412175, -1.6431095644026037, -1.64310956412269, -1.6431095641748386, -1.6431095644298344, -1.6431095644243017, -1.6431095643225473, -1.6436965984786764, -1.6436965983892855, -1.6436965984593166, -1.6436965985007217, -1.6436965985346175, -1.6436965985061356, -1.6436965985446383, -1.6436965985531264, -1.6436965985936252, -1.643696598434565, -1.6437691857746706, -1.6437691859629533, -1.6437691859946166, -1.6437691857804113, -1.6437691858745178, -1.6437691856742438, -1.6437691855678986, -1.6437691857386125, -1.6437691857866703, -1.6437691856830652, -1.6438927898611608, -1.6438927900026914, -1.6438927900285496, -1.6438927898746925, -1.6438927899253286, -1.6438927897819777, -1.643892789700727, -1.6438927898538258, -1.6438927898750542, -1.643892789803735, -1.6440247281828984, -1.6440247281954021, -1.644024728209281, -1.644024728228091, -1.6440247281791238, -1.644024728163777, -1.6440247281498495, -1.6440247282041007, -1.644024728190028, -1.6440247281911322, -1.6440358806907613, -1.6440358806981017, -1.6440358807049549, -1.6440358807334865, -1.6440358806845665, -1.6440358806791553, -1.6440358806619, -1.6440358807091988, -1.644035880695083, -1.6440358807005724, -1.6440558730849875, -1.6440558730898116, -1.6440558730884083, -1.6440558731206387, -1.6440558730800634, -1.6440558730843229, -1.6440558730566819, -1.6440558730971648, -1.6440558730831027, -1.6440558730921015, -1.64408629999683, -1.6440863000034338, -1.6440862999906485, -1.6440863000162094, -1.6440862999987922, -1.6440863000151622, -1.6440862999626058, -1.6440862999961274, -1.6440862999813115, -1.6440862999943386, -1.6441040735435424, -1.6441040735564099, -1.6441040735363885, -1.6441040735444146, -1.6441040735557446, -1.6441040735791121, -1.644104073498667, -1.6441040735290546, -1.6441040735132813, -1.644104073528116, -1.6441147833894871, -1.6441147834044731, -1.6441147833847893, -1.6441147833850793, -1.644114783404449, -1.6441147834299168, -1.6441147833412906, -1.6441147833723826, -1.644114783354998, -1.6441147833706509, -1.6441352596579573, -1.6441352596758578, -1.6441352596570622, -1.6441352596473695, -1.6441352596761583, -1.6441352597021326, -1.6441352596058254, -1.6441352596382137, -1.6441352596195276, -1.6441352596351633, -1.6441739189543176, -1.6441739189785896, -1.6441739189611129, -1.6441739189331865, -1.6441739189778903, -1.644173919000769, -1.644173918894958, -1.6441739189304998, -1.6441739189116196, -1.6441739189249247, -1.644241188294385, -1.644241188335462, -1.6442411883208292, -1.6442411882495374, -1.6442411883292405, -1.6442411883372627, -1.6442411882183248, -1.6442411882621424, -1.644241188247877, -1.6442411882508494, -1.644320318539988, -1.644320318623043, -1.6443203186217255, -1.6443203184354174, -1.6443203185983808, -1.6443203185595596, -1.6443203184265536, -1.644320318489826, -1.6443203184969124, -1.6443203184658308, -1.6444167168456334, -1.6444167169069162, -1.6444167169201849, -1.644416716761277, -1.644416716883532, -1.6444167168656905, -1.6444167167579842, -1.6444167168229382, -1.644416716811335, -1.6444167167950465, -1.6445674175259983, -1.6445674175614222, -1.6445674175721898, -1.6445674174768294, -1.6445674175440106, -1.6445674175321308, -1.6445674174727876, -1.6445674175206648, -1.6445674175112206, -1.6445674175010783, -1.6446580061496772, -1.644658006192302, -1.6446580061962137, -1.644658006113453, -1.6446580061629208, -1.6446580061229976, -1.6446580061000986, -1.6446580061427523, -1.644658006161984, -1.6446580061343783, -1.6446564203867047, -1.6446564203641327, -1.6446564203493503, -1.6446564204409055, -1.6446564203678822, -1.6446564203877545, -1.6446564204030791, -1.644656420404992, -1.644656420388693, -1.6446564204105099, -1.644670681203457, -1.6446706812142864, -1.644670681209512, -1.6446706812109182, -1.6446706812013097, -1.6446706811900829, -1.644670681186078, -1.6446706812087997, -1.6446706812109335, -1.6446706812070924, -1.6446860980507254, -1.6446860980666604, -1.644686098068474, -1.6446860980461968, -1.6446860980585052, -1.6446860980283264, -1.6446860980328775, -1.644686098044804, -1.6446860980612357, -1.6446860980439115, -1.644692034122829, -1.644692034130972, -1.6446920341338471, -1.644692034115738, -1.6446920341273157, -1.6446920341086093, -1.6446920341145062, -1.6446920341201885, -1.6446920341284228, -1.644692034118377, -1.6446935188551453, -1.6446935188536551, -1.64469351885464, -1.644693518856099, -1.6446935188552974, -1.6446935188542755, -1.644693518856554, -1.6446935188555933, -1.6446935188543563, -1.6446935188549887, -1.6446935517566446, -1.6446935517566499, -1.6446935517571168, -1.6446935517561538, -1.6446935517565744, -1.6446935517562946, -1.6446935517567003, -1.6446935517569683, -1.6446935517565702, -1.644693551756659, -1.6446935535817888, -1.6446935535817389, -1.6446935535818565, -1.644693553581725, -1.6446935535817626, -1.6446935535817042, -1.6446935535818519, -1.6446935535818912, -1.644693553581768, -1.6446935535818055, -1.6446935536824467, -1.64469355368244, -1.6446935536824472, -1.644693553682459, -1.6446935536824485, -1.6446935536824472, -1.6446935536824547, -1.6446935536824483, -1.644693553682448, -1.6446935536824465]
Minimum VQE energy: -1.6446935536824467
Theta optimization updated: [2.300673812701495, 2.405823044990112, -0.21265586737360231, -0.8290597852143036, 1.4666546718286975, -0.38813233098249905, 2.713551579270274, 1.7873498961532823, 2.949268910525577]

================================================================================
End of Results
