VQE Optimization Results
================================================================================
Method: COBYLA
--------------------------------------------------------------------------------
Evaluated energy for each step: [1.567537218146655, 1.51570307909306, 0.4062855298207543, 0.3492390417710155, 0.3372377101777262, 0.8531429865411518, 1.1633544030633873, 0.3285765243667289, 1.244876797527922, -0.3781745937639587, -0.6290340019947183, 0.0974378685934467, -0.5935392092295667, -0.2855127529159476, -0.39480434350363197, -0.9896389793122915, -0.8885173298289829, -1.0527930467328284, -1.0414707307099171, -0.9119898908320312, -0.25139615374778834, -1.0096478014236014, -0.9989949534309234, -1.0155851528032838, -1.0523605236972875, -1.0930685456404192, -1.1564944587903687, -1.2016227130236532, -1.203249815296684, -1.1831010164394555, -0.9024301540463584, -1.2987569611495449, -1.4238125659240033, -1.3832708114548211, -1.3622866976541297, -1.4876467474853634, -1.4895465364793774, -1.3603431056432687, -1.508779836058312, -1.4722689783001461, -1.4877927673124038, -1.5146489936161753, -1.4914872786306768, -1.4632050325854493, -1.5110240868011298, -1.5148803328277132, -1.5274777691681232, -1.4678537866326111, -1.515363784012119, -1.4960997914573178, -1.5482426924984278, -1.5567829944127287, -1.5625434529126772, -1.560351843326628, -1.560411237986037, -1.5261535141706992, -1.5607677091675045, -1.5810576253451634, -1.58317902808531, -1.5809239605243208, -1.5742250166500837, -1.580409874286772, -1.592879986868106, -1.5985218305724638, -1.600785475079249, -1.6004430068369526, -1.6011778415943414, -1.595277401609766, -1.5987528456108222, -1.6039170287219102, -1.602095046927359, -1.6075262040988048, -1.6077010115925472, -1.6053035314921669, -1.609323117849338, -1.6093892192946826, -1.6095659468542025, -1.6175441503082761, -1.6156299788411597, -1.616921237833862, -1.6205100015720075, -1.6207488733424544, -1.6208299913074966, -1.6250174004907327, -1.6186225161601127, -1.6265102854591287, -1.6285573927014472, -1.6320703246321113, -1.63494633972732, -1.633418554043332, -1.633985826118479, -1.6360904486046464, -1.6357199239113303, -1.6304305809840833, -1.6350691132738662, -1.6384679833844176, -1.6387963907126437, -1.6382638681717183, -1.635405338881218, -1.6373115273911587, -1.6389221041078679, -1.638679443378491, -1.6381129472683227, -1.6387678449421261, -1.6379619260322318, -1.6370498058347036, -1.6378547174305034, -1.640033043922587, -1.6393778187943884, -1.63984824800771, -1.6395343105952884, -1.6394772308502017, -1.6397522755984195, -1.6393258662514243, -1.6408906280831728, -1.640465569181654, -1.6408636809997048, -1.6415864633145767, -1.6416982596942726, -1.6414909164870137, -1.642348971418753, -1.642085131822533, -1.6414780341360866, -1.6429715090506405, -1.6425803554193408, -1.6426582670343606, -1.6431881882911084, -1.64323302459094, -1.6427712292929217, -1.6434655713112487, -1.6437269379989452, -1.6426982575241802, -1.6433384548696026, -1.643525223022838, -1.6439120452731542, -1.6435410344204082, -1.643835152472716, -1.6436954713016991, -1.6438585538371597, -1.6436848057241007, -1.644008701440106, -1.6443215394215456, -1.6442527431178433, -1.6443546796251276, -1.644147824151111, -1.6443228669679566, -1.6444646379055339, -1.6443817951006445, -1.6444666110655175, -1.6443941685286465, -1.6443830700060484, -1.6444476224640998, -1.644350050799946, -1.6444429003631835, -1.6445452121780078, -1.6444999121804764, -1.64450924247849, -1.6445558779727332, -1.6445571498494702, -1.6445441662569058, -1.6445636712098957, -1.644596127858312, -1.644574109548616, -1.6446113372114275, -1.6445569585913213, -1.6446118985605096, -1.6445671623770486, -1.6446161517815459, -1.6446192970019946, -1.6446298190738506, -1.6446264177663499, -1.6446125701768468, -1.6446305253106002, -1.6446442744060512, -1.6446574845279331, -1.6446656491222853, -1.644665120957621, -1.6446623715705562, -1.644672305899413, -1.6446667234295014, -1.6446728339461698, -1.644667412286667, -1.6446744678896916, -1.6446619136762197, -1.6446687646593192, -1.6446733125096946, -1.6446722483695466, -1.6446704232089557, -1.644674996884498, -1.6446721717602724, -1.6446771534474787, -1.6446776005146189, -1.644678322320553, -1.6446820960941213, -1.6446842137962343, -1.6446838939884445, -1.6446831063024556, -1.6446824353106013, -1.6446837820372535, -1.6446795997552082]
Minimum VQE energy: -1.6446842137962343
Theta optimization updated: [2.686237898462552, 1.5113757722097942, 1.5259279091152316, 3.2244630144882436, 0.3952358120738107, 0.7508746452225253, 2.1961828562948305, 0.20471159431336694, 1.6098168691244257]

Method: Nelder-Mead
--------------------------------------------------------------------------------
Evaluated energy for each step: [1.8714018145528137, 1.8715068850658922, 1.8519079599793802, 1.8765911953670686, 1.871666194096714, 1.8737431940463622, 1.8739546725490492, 1.8663561750843058, 1.8747633997280084, 1.8704056626004333, 1.8624181853471433, 1.86206563087137, 1.8591849237048432, 1.8566154522161107, 1.85393784696981, 1.8517008273965478, 1.840488699843397, 1.8450538517458575, 1.8402064123959776, 1.8233047979489354, 1.8337521850073994, 1.831649367973163, 1.824675763647244, 1.8206870228199916, 1.7987864480381421, 1.8102783916756051, 1.8025614417982827, 1.7921690598378737, 1.7559573721045503, 1.7815637143428888, 1.77050614237141, 1.763485228698191, 1.7500881354619235, 1.7014478510724114, 1.7319559024622844, 1.7096728694225645, 1.700480442854183, 1.634768954127997, 1.6692965707748977, 1.641603998746098, 1.6306731954435105, 1.5411517591517105, 1.5870090933826255, 1.555051538759662, 1.5177552340393938, 1.3810492846846276, 1.4602717948492046, 1.426467090809694, 1.372728194204135, 1.184795285720916, 1.2989869318109564, 1.255351053497397, 1.1710023715353417, 0.9276730399498563, 1.069310200042062, 1.0027622598113457, 0.894605885991322, 0.5811082779372106, 0.7933080429149827, 0.6932346941825351, 0.5688574832211319, 0.20562260244968328, 0.4468220557763435, 0.31469932795742067, 0.22832976334928354, 0.15713201882113068, -0.15888497973385193, -0.031470713500337005, -0.18094856088896405, -0.5610435994068436, -0.3133304052700992, -0.42183449805627626, -0.4931199784524758, -0.5814255193367411, -0.7884675505255506, -0.7157423660325787, -0.7636439373497768, -0.8144270347331266, -0.7413582251158913, -0.8628098236304172, -0.836183198717708, -0.9195350395028234, -0.8016274293837626, -0.9086532950024742, -0.8938076431114521, -0.8573023352102722, -0.6245379962762745, -0.8653569460485155, -0.7510755100086047, -0.878824928725725, -0.7232793873735106, -0.8471792291734778, -0.83184852763257, -0.8316309567928117, -0.8939778799588429, -0.8324687694365118, -0.876468795060251, -0.8036433419908291, -0.8855658971757026, -0.866129578090198, -0.867282346256183, -0.9203542426308214, -0.9201480920335562, -0.8537592202504116, -0.8960923762053756, -0.8684070787092817, -0.8949309627919793, -0.9263830374352526, -0.9197475597407159, -0.9155424578255935, -0.9399437598880513, -0.9493724289912928, -0.932950738478158, -0.8762010837398446, -0.9232123392819451, -0.9515531323225573, -0.959311441755148, -0.9699645324362665, -0.9876141517238005, -0.9903740583087977, -1.0297513188339198, -0.9415699649309508, -0.9587085925143433, -0.9216884093592919, -0.9591042376041357, -1.011140586964745, -1.0322028323184376, -1.0763825316005178, -0.8388736158335905, -0.9809853665582629, -1.0335441332870372, -1.0600913910208187, -1.0522465501944405, -1.0688288813151443, -1.1133903345818987, -1.1787330888079173, -1.1291541854467504, -1.134148400129241, -1.1418352037109902, -1.1625530003512992, -1.1946346504897245, -1.252437362019165, -1.2133634620776816, -1.2220265427494272, -1.2551391142810924, -1.2904024831881717, -1.2507337593420884, -1.2273899870111507, -1.3000530936818604, -1.3079305035021407, -1.2882712842322654, -1.2809137774708423, -1.2017173424966747, -1.2697022025039333, -1.197233222893627, -1.2651350619576707, -1.2718194869421335, -1.312185412450883, -1.265893258837406, -1.2958035731819435, -1.1781526128357767, -1.2961616504421107, -1.2046314797965474, -1.2978235202739172, -1.3314929370072928, -1.3433935944281965, -1.3076858692131388, -1.2771590947721332, -1.3077733987704045, -1.3415694304324708, -1.345523379881394, -1.3494132938446957, -1.3259467444388742, -1.344887422521539, -1.3532454788079016, -1.3237193957368971, -1.310701163214389, -1.3692469396048055, -1.3689160314288864, -1.3651615795720269, -1.3214592801827665, -1.4021730169394389, -1.4310996938444431, -1.3522013521698317, -1.292744035406314, -1.364086785745399, -1.36929580975549, -1.3820448212471423, -1.4193887651690686, -1.4127197410588246, -1.3906222318539476, -1.4356822727095837, -1.4484731005053504, -1.4114388056318055, -1.4529899789976093, -1.4592976687821255, -1.4673816859149929, -1.4652742732569977, -1.4557319286313792, -1.4214493287817207, -1.4846707543783924, -1.4740175983801582, -1.4260740608789495, -1.45929998446848, -1.4202589828888033, -1.4552115678727646, -1.4552894524626254, -1.4615527772522756, -1.4610307390537431, -1.457111166484871, -1.4312620630570623, -1.4749315664904898, -1.463162696797817, -1.4227960577604815, -1.4758002807587363, -1.4514711297264817, -1.4743700351963562, -1.466693001994166, -1.4548409032080516, -1.4748047756303682, -1.45724730316891, -1.475285152517084, -1.449520987271215, -1.476427480948273, -1.4726790745884677, -1.450749343297476, -1.4783044681747415, -1.483666927028553, -1.46767914760993, -1.4804661600089255, -1.4750771763534587, -1.4855304861335468, -1.483517124989727, -1.485567536612773, -1.4801961906627608, -1.4726747226120664, -1.482046450312846, -1.4852741036726496, -1.486645181402673, -1.477446607989728, -1.489905135734467, -1.4852584059377336, -1.489051346557988, -1.4938522839211066, -1.4937249974046534, -1.4915174237675513, -1.4765700101386934, -1.489831591021524, -1.4961737923638088, -1.4984261066351352, -1.4829664038808006, -1.4910805023369766, -1.498337805514418, -1.4996510533807261, -1.5005942562561763, -1.4997752386764538, -1.4939936752226006, -1.506643384481924, -1.5138339812004453, -1.5095659046043606, -1.5088099244394197, -1.499560163822545, -1.5040690506139536, -1.514101416253196, -1.515321228656641, -1.5141835193438906, -1.516684958044334, -1.5144914700090886, -1.5088528204842373, -1.5254031768475196, -1.5325270076853346, -1.5345845117521224, -1.5483720296106949, -1.5257868425988308, -1.530674059830481, -1.539266883395475, -1.539756468952893, -1.5453796906979358, -1.5386214608354847, -1.5592819966550475, -1.572102747781942, -1.5618913586163914, -1.56495541016195, -1.5648386689222946, -1.5781163914003924, -1.5898377280551492, -1.566480730012069, -1.5837357118069495, -1.5903726873860309, -1.5904188098419996, -1.5963837979381819, -1.5942042975947883, -1.606900100499995, -1.6113813718822103]
Minimum VQE energy: -1.6113813718822103
Theta optimization updated: [0.004280360795495847, 3.4243822649535822, -0.7508074396352891, 1.6237112231669073, -1.5364989051957636, 0.7237592643205493, 1.9839669258256896, -0.34628910067510843, 0.026608033367437556]

Method: BFGS
--------------------------------------------------------------------------------
Evaluated energy for each step: [1.3537652964718017, 1.3537652946350398, 1.3537652837885301, 1.3537653001073213, 1.3537653077156746, 1.3537652951542027, 1.353765299765976, 1.3537652860110652, 1.353765299441859, 1.3537652834514358, -0.3471062010158185, -0.3471062011927204, -0.34710621033956524, -0.34710619814135035, -0.34710619626183004, -0.3471062050587067, -0.34710620225738814, -0.34710621247487117, -0.3471061943993706, -0.3471062085690579, -0.522774720345657, -0.5227747235266247, -0.5227747119254005, -0.522774721497479, -0.5227747233565292, -0.5227747151195523, -0.522774714583734, -0.522774722357727, -0.5227747278169849, -0.5227747197022927, -0.8484853286116076, -0.8484853306577298, -0.8484853222918272, -0.8484853299747015, -0.8484853309402118, -0.8484853234617424, -0.8484853239017818, -0.8484853308334666, -0.8484853346865134, -0.848485327950292, -1.2124617867589844, -1.212461787197612, -1.2124617859814781, -1.212461786496061, -1.2124617867737217, -1.2124617878170845, -1.212461786848997, -1.212461787776134, -1.2124617875136519, -1.2124617874421986, -1.2329250006006651, -1.2329250012124389, -1.2329250003823347, -1.2329250007289378, -1.2329250003445793, -1.2329250016418263, -1.2329249997508036, -1.2329250016408155, -1.2329250010613904, -1.2329250011217847, -1.2780031523315776, -1.2780031536004406, -1.2780031519186605, -1.2780031526843978, -1.2780031515234276, -1.2780031540705585, -1.2780031502953362, -1.2780031528653477, -1.278003152787027, -1.2780031529571136, -1.082051945719933, -1.082051939742396, -1.0820519348215878, -1.082051942646501, -1.0820519527107126, -1.0820519486230167, -1.0820519521335081, -1.0820519333941305, -1.0820519470334888, -1.082051938082671, -1.334959871596844, -1.3349598728183105, -1.3349598689454873, -1.3349598713676807, -1.3349598712596351, -1.3349598748268838, -1.3349598698036809, -1.3349598697943141, -1.3349598725083087, -1.334959871411557, -0.21347382395446568, -0.2134738089494937, -0.21347381156456094, -0.21347381847699862, -0.2134738371689573, -0.21347382241107393, -0.21347383896798539, -0.21347380811104186, -0.213473825007458, -0.21347381095180606, -1.3474800376850022, -1.3474800384966474, -1.3474800343698587, -1.34748003721159, -1.347480037844181, -1.3474800409904244, -1.3474800365460233, -1.347480035110052, -1.3474800387938242, -1.3474800369913817, -1.3700846084906875, -1.3700846089779837, -1.3700846054476905, -1.3700846079610778, -1.3700846088677707, -1.3700846111802292, -1.3700846079537226, -1.3700846059653058, -1.3700846097042119, -1.3700846076945266, -1.4052692575133814, -1.4052692575348027, -1.405269255901591, -1.4052692570485348, -1.4052692579546564, -1.4052692588736362, -1.4052692577339867, -1.405269255797007, -1.4052692587582178, -1.4052692569192051, -1.4291251040097026, -1.429125103850735, -1.42912510437377, -1.4291251038101924, -1.4291251041342197, -1.4291251040549193, -1.4291251044009352, -1.42912510353488, -1.4291251050614535, -1.4291251039767092, -1.4377399974719856, -1.4377399975508889, -1.4377399980715557, -1.4377399973544795, -1.4377399973092913, -1.4377399974721465, -1.437739997474455, -1.4377399970143496, -1.437739998109711, -1.4377399977344703, -1.448275403350145, -1.4482754037257783, -1.4482754040561858, -1.4482754033487941, -1.4482754030443408, -1.4482754033627285, -1.4482754029256701, -1.4482754027197382, -1.4482754034076275, -1.4482754037428633, -1.4596061431998468, -1.4596061443575101, -1.4596061442105825, -1.4596061434378216, -1.459606142545811, -1.4596061431422207, -1.4596061420010362, -1.4596061428626323, -1.459606142753955, -1.459606143880187, -1.4760116641699803, -1.4760116659381664, -1.4760116647308008, -1.47601166445643, -1.4760116635166687, -1.4760116639075989, -1.4760116625220965, -1.4760116633701652, -1.4760116627253612, -1.476011664902649, -1.4927885429832783, -1.492788544992399, -1.4927885432841947, -1.4927885437827726, -1.4927885407038328, -1.4927885431651369, -1.4927885411639799, -1.4927885435677322, -1.4927885412042499, -1.492788545800614, -1.5252258332138366, -1.5252258351753727, -1.5252258337932432, -1.52522583375401, -1.5252258308802382, -1.5252258331321324, -1.5252258313765537, -1.5252258341696936, -1.525225831683023, -1.5252258358601996, -1.6084255873701059, -1.6084255870084943, -1.6084255866537496, -1.6084255870166404, -1.6084255852746099, -1.6084255869143538, -1.608425587741909, -1.6084255882782572, -1.6084255866928445, -1.608425589388867, -1.4992223781622092, -1.4992223799030473, -1.4992223739710584, -1.4992223798858824, -1.499222381485041, -1.4992223814274204, -1.49922237586527, -1.4992223729642506, -1.4992223807486231, -1.4992223751187674, -1.627274736369917, -1.627274736977295, -1.6272747351127441, -1.6272747363802946, -1.6272747357728248, -1.6272747366466997, -1.6272747357545763, -1.627274735781562, -1.6272747365637317, -1.6272747368943075, -1.6347264700593005, -1.634726470037523, -1.6347264685754401, -1.6347264697275516, -1.6347264702626496, -1.6347264697945048, -1.6347264700801807, -1.634726468953789, -1.6347264700818631, -1.634726469796091, -1.643110460987543, -1.643110461178817, -1.6431104609671157, -1.6431104607299882, -1.6431104610102187, -1.643110460731065, -1.6431104607827298, -1.6431104610387652, -1.643110461032423, -1.6431104609311313, -1.6436967071636395, -1.6436967070743236, -1.643696707144414, -1.6436967071856723, -1.643696707219459, -1.6436967071911426, -1.6436967072295208, -1.6436967072382587, -1.64369670727857, -1.6436967071196473, -1.6437697482085607, -1.643769748396334, -1.6437697484278029, -1.6437697482143012, -1.6437697483088327, -1.6437697481080644, -1.6437697480022997, -1.6437697481718818, -1.64376974822055, -1.643769748116514, -1.6438939359671028, -1.643893936107886, -1.6438939361335545, -1.6438939359807112, -1.6438939360312763, -1.6438939358880589, -1.6438939358074116, -1.6438939359595357, -1.6438939359809919, -1.6438939359096494, -1.6440247753321806, -1.644024775344692, -1.6440247753585302, -1.6440247753773727, -1.6440247753283865, -1.644024775313083, -1.64402477529912, -1.644024775353369, -1.644024775339296, -1.6440247753404311, -1.6440359269160163, -1.6440359269233453, -1.644035926930193, -1.6440359269587446, -1.6440359269097926, -1.6440359269044453, -1.6440359268871623, -1.6440359269344704, -1.6440359269203249, -1.6440359269258555, -1.644055917654733, -1.6440559176595382, -1.644055917658159, -1.6440559176903866, -1.644055917649769, -1.6440559176541083, -1.6440559176264413, -1.6440559176669554, -1.6440559176528342, -1.6440559176618852, -1.6440863423953358, -1.6440863424019203, -1.6440863423891783, -1.6440863424147159, -1.644086342397265, -1.6440863424137062, -1.6440863423611276, -1.644086342394688, -1.6440863423798064, -1.644086342392877, -1.6441041161642456, -1.644104116177103, -1.6441041161571106, -1.6441041161651067, -1.6441041161764403, -1.644104116199836, -1.6441041161193788, -1.6441041161497834, -1.644104116133976, -1.6441041161488257, -1.6441148308642421, -1.6441148308792244, -1.6441148308595537, -1.6441148308598181, -1.6441148308792117, -1.6441148309046794, -1.6441148308160463, -1.6441148308471374, -1.6441148308297442, -1.644114830845396, -1.6441353175039535, -1.6441353175218625, -1.6441353175030564, -1.644135317493347, -1.6441353175221793, -1.6441353175481273, -1.644135317451813, -1.644135317484181, -1.6441353174655169, -1.6441353174811328, -1.644173995096798, -1.6441739951210939, -1.6441739951035768, -1.6441739950756358, -1.6441739951204213, -1.6441739951432317, -1.644173995037413, -1.6441739950729066, -1.6441739950540943, -1.6441739950673504, -1.6442412857508852, -1.644241285792019, -1.6442412857772977, -1.644241285705981, -1.644241285785833, -1.6442412857937114, -1.644241285674772, -1.6442412857184958, -1.644241285704374, -1.6442412857072488, -1.6443203838212124, -1.6443203839043776, -1.6443203839028973, -1.6443203837165392, -1.6443203838797835, -1.6443203838406621, -1.6443203837076812, -1.644320383770756, -1.6443203837781517, -1.6443203837468667, -1.6444168217687394, -1.6444168218300863, -1.6444168218431043, -1.6444168216843693, -1.6444168218068314, -1.6444168217886725, -1.6444168216810344, -1.644416821745684, -1.6444168217344484, -1.6444168217179602, -1.6445675488856641, -1.6445675489212985, -1.6445675489318607, -1.6445675488363387, -1.6445675489038358, -1.6445675488916, -1.6445675488322617, -1.644567548880037, -1.6445675488709406, -1.6445675488605729, -1.644658198281276, -1.6446581983233517, -1.6446581983270747, -1.6446581982458326, -1.6446581982942385, -1.6446581982549422, -1.6446581982322026, -1.644658198274588, -1.6446581982934139, -1.6446581982663129, -1.6446579063328566, -1.644657906311513, -1.6446579062973057, -1.6446579063850304, -1.6446579063149152, -1.6446579063333864, -1.6446579063480216, -1.6446579063504403, -1.6446579063349325, -1.64465790635562, -1.6446707183303335, -1.6446707183407077, -1.6446707183359066, -1.6446707183382503, -1.6446707183280933, -1.6446707183172118, -1.6446707183134042, -1.6446707183357292, -1.644670718337641, -1.6446707183340836, -1.6446862645539113, -1.6446862645702112, -1.6446862645723481, -1.6446862645488076, -1.644686264562042, -1.6446862645310918, -1.644686264535862, -1.6446862645476181, -1.644686264564623, -1.6446862645467295, -1.6446920193677281, -1.644692019375704, -1.6446920193784291, -1.6446920193609809, -1.6446920193720698, -1.6446920193535266, -1.6446920193595345, -1.64469201936525, -1.6446920193733297, -1.644692019363451, -1.644693518592544, -1.64469351859108, -1.6446935185921003, -1.6446935185936356, -1.6446935185927014, -1.644693518591882, -1.6446935185939076, -1.644693518592944, -1.644693518591696, -1.6446935185923934, -1.6446935515121615, -1.6446935515122194, -1.6446935515126606, -1.644693551511589, -1.6446935515120824, -1.6446935515118195, -1.6446935515121663, -1.6446935515124883, -1.644693551512114, -1.644693551512179, -1.644693553588803, -1.6446935535887517, -1.6446935535888698, -1.6446935535887335, -1.6446935535887761, -1.6446935535887166, -1.6446935535888656, -1.6446935535889085, -1.6446935535887788, -1.6446935535888192, -1.6446935536819647, -1.6446935536819554, -1.6446935536819678, -1.644693553681977, -1.6446935536819676, -1.6446935536819636, -1.6446935536819765, -1.6446935536819687, -1.6446935536819636, -1.6446935536819633]
Minimum VQE energy: -1.6446935536819647
Theta optimization updated: [2.3006722715313908, 2.4058227964096264, -0.2126568832924223, -0.8290525115434865, 1.4666548359480893, -0.3881339960110799, 2.7135511630619273, 1.787349792260126, 2.949276764895407]

================================================================================
End of Results
